00000000000000000000000010000011
00000000001000000001000010000011
00000000000000000010000010000011
00000000001100000100000010000011
00000000000000000101000010000011
00000000000100000000000000100011
00000000000100000001000100100011
00000000000100000010000000100011
00000000000100001000110001100011
00000000000100001001101001100011
00000000001000001100100001100011
00000000000000001101011001100011
00000000000100001110010001100011
00000000000100001111001001100011
11111110110111111111000001101111
00000001000000100000000001100111
